X,Y,track_fid,track_seg_id,track_seg_point_id,ele,time,magvar,geoidheight,name,cmt,desc,src,link1_href,link1_text,link1_type,link2_href,link2_text,link2_type,sym,type,fix,sat,hdop,vdop,pdop,ageofdgpsdata,dgpsid
-78.8068725256218,42.9487632458953,0,0,0,206.065521240234,2020/10/22 15:10:27+00,,,,,,,,,,,,,,,,,,,,,
-78.806744013177,42.9488015515843,0,0,1,196.300497230245,2020/10/22 15:10:29+00,,,,,,,,,,,,,,,,,,,,,
-78.8067754256857,42.9487774727593,0,0,2,209.874445452825,2020/10/22 15:10:32+00,,,,,,,,,,,,,,,,,,,,,
-78.8066857324055,42.9487079663173,0,0,3,209.882794326541,2020/10/22 15:10:33+00,,,,,,,,,,,,,,,,,,,,,
-78.8067163853336,42.9487262527022,0,0,4,210.113588998507,2020/10/22 15:10:34+00,,,,,,,,,,,,,,,,,,,,,
-78.8067791902001,42.9487515027864,0,0,5,210.17526584076,2020/10/22 15:10:34+00,,,,,,,,,,,,,,,,,,,,,
-78.8068143621263,42.9487717712803,0,0,6,210.389048411635,2020/10/22 15:10:37+00,,,,,,,,,,,,,,,,,,,,,
-78.8067859380654,42.9487838638113,0,0,7,210.57130219503,2020/10/22 15:10:38+00,,,,,,,,,,,,,,,,,,,,,
-78.8068222311195,42.9488040717392,0,0,8,210.652970393058,2020/10/22 15:10:41+00,,,,,,,,,,,,,,,,,,,,,
-78.8068653880795,42.9488217838213,0,0,9,210.604671807028,2020/10/22 15:10:43+00,,,,,,,,,,,,,,,,,,,,,
-78.806899135299,42.9488348316863,0,0,10,210.581504940987,2020/10/22 15:10:44+00,,,,,,,,,,,,,,,,,,,,,
-78.8069201396143,42.9488422546634,0,0,11,210.49527693633,2020/10/22 15:10:45+00,,,,,,,,,,,,,,,,,,,,,
-78.8069498913018,42.9488569224821,0,0,12,210.321379031055,2020/10/22 15:10:47+00,,,,,,,,,,,,,,,,,,,,,
-78.8069734623382,42.9488684921464,0,0,13,210.237820948474,2020/10/22 15:10:49+00,,,,,,,,,,,,,,,,,,,,,
-78.8069813411726,42.9488712000218,0,0,14,210.188649340533,2020/10/22 15:10:50+00,,,,,,,,,,,,,,,,,,,,,
-78.8069460462045,42.9488591752379,0,0,15,209.773494124413,2020/10/22 15:10:55+00,,,,,,,,,,,,,,,,,,,,,
-78.8069027396304,42.9488525650956,0,0,16,209.639600801282,2020/10/22 15:10:57+00,,,,,,,,,,,,,,,,,,,,,
-78.806893934774,42.9488519030243,0,0,17,209.603969833814,2020/10/22 15:10:58+00,,,,,,,,,,,,,,,,,,,,,
-78.8069183561287,42.9488606658306,0,0,18,209.615029060282,2020/10/22 15:11:00+00,,,,,,,,,,,,,,,,,,,,,
-78.8069042168996,42.9488816467925,0,0,19,209.334742159583,2020/10/22 15:11:07+00,,,,,,,,,,,,,,,,,,,,,
-78.806898541176,42.9489001087179,0,0,20,209.672168454155,2020/10/22 15:11:09+00,,,,,,,,,,,,,,,,,,,,,
-78.8068943950315,42.9489189762267,0,0,21,209.488138076849,2020/10/22 15:11:12+00,,,,,,,,,,,,,,,,,,,,,
-78.8069211564199,42.9489213425888,0,0,22,209.015961094759,2020/10/22 15:11:16+00,,,,,,,,,,,,,,,,,,,,,
-78.8069631550816,42.9489265776343,0,0,23,208.934821179137,2020/10/22 15:11:23+00,,,,,,,,,,,,,,,,,,,,,
-78.8070069948524,42.9489225355528,0,0,24,209.557138580829,2020/10/22 15:11:25+00,,,,,,,,,,,,,,,,,,,,,
-78.8070333937664,42.9489187023243,0,0,25,209.626258122735,2020/10/22 15:11:26+00,,,,,,,,,,,,,,,,,,,,,
-78.8070868561722,42.9489091991035,0,0,26,210.437498304062,2020/10/22 15:11:28+00,,,,,,,,,,,,,,,,,,,,,
-78.8071167959321,42.9489037956654,0,0,27,208.402865602635,2020/10/22 15:11:29+00,,,,,,,,,,,,,,,,,,,,,
-78.807143646978,42.9489000452487,0,0,28,210.038804026321,2020/10/22 15:11:30+00,,,,,,,,,,,,,,,,,,,,,
-78.8071692948287,42.9488956920974,0,0,29,209.959920380265,2020/10/22 15:11:31+00,,,,,,,,,,,,,,,,,,,,,
-78.8072178239062,42.9488868253968,0,0,30,209.636879119091,2020/10/22 15:11:33+00,,,,,,,,,,,,,,,,,,,,,
-78.8072586732245,42.9488873717943,0,0,31,209.565917506814,2020/10/22 15:11:35+00,,,,,,,,,,,,,,,,,,,,,
-78.807299185513,42.9488808709756,0,0,32,209.621995021589,2020/10/22 15:11:37+00,,,,,,,,,,,,,,,,,,,,,
-78.8073415379347,42.9488758126734,0,0,33,209.387676439248,2020/10/22 15:11:39+00,,,,,,,,,,,,,,,,,,,,,
-78.8073861835208,42.9488764470006,0,0,34,208.989330042154,2020/10/22 15:11:41+00,,,,,,,,,,,,,,,,,,,,,
-78.8074113583588,42.9488734282314,0,0,35,209.068845696747,2020/10/22 15:11:42+00,,,,,,,,,,,,,,,,,,,,,
-78.807454267299,42.948869790098,0,0,36,209.122878298163,2020/10/22 15:11:44+00,,,,,,,,,,,,,,,,,,,,,
-78.8074948528733,42.948863311206,0,0,37,209.350027111359,2020/10/22 15:11:46+00,,,,,,,,,,,,,,,,,,,,,
-78.8075306720985,42.9488607934871,0,0,38,209.87132728938,2020/10/22 15:11:48+00,,,,,,,,,,,,,,,,,,,,,
-78.8075729266236,42.9488568548418,0,0,39,210.351638632827,2020/10/22 15:11:50+00,,,,,,,,,,,,,,,,,,,,,
-78.8076121954345,42.9488565812982,0,0,40,210.088498631492,2020/10/22 15:11:52+00,,,,,,,,,,,,,,,,,,,,,
-78.8076517166653,42.948859354674,0,0,41,209.917861652561,2020/10/22 15:11:54+00,,,,,,,,,,,,,,,,,,,,,
-78.8076958783789,42.9488496029101,0,0,42,209.730240499601,2020/10/22 15:11:56+00,,,,,,,,,,,,,,,,,,,,,
-78.8077359749438,42.9488458418485,0,0,43,208.739210758358,2020/10/22 15:11:58+00,,,,,,,,,,,,,,,,,,,,,
-78.8077784827475,42.9488470999323,0,0,44,209.222350086085,2020/10/22 15:12:00+00,,,,,,,,,,,,,,,,,,,,,
-78.8078179979401,42.9488610248142,0,0,45,209.064729113132,2020/10/22 15:12:02+00,,,,,,,,,,,,,,,,,,,,,
-78.8078510176337,42.9488615075473,0,0,46,209.191948177293,2020/10/22 15:12:04+00,,,,,,,,,,,,,,,,,,,,,
-78.8078842342266,42.9488629773256,0,0,47,209.623862753622,2020/10/22 15:12:06+00,,,,,,,,,,,,,,,,,,,,,
-78.8079219335038,42.9488670828814,0,0,48,209.586892487481,2020/10/22 15:12:08+00,,,,,,,,,,,,,,,,,,,,,
-78.8079606567544,42.9488654454308,0,0,49,209.397545068525,2020/10/22 15:12:10+00,,,,,,,,,,,,,,,,,,,,,
-78.8080040120341,42.9488668091287,0,0,50,209.872401664965,2020/10/22 15:12:12+00,,,,,,,,,,,,,,,,,,,,,
-78.8080417471761,42.9488617801787,0,0,51,210.06306245178,2020/10/22 15:12:14+00,,,,,,,,,,,,,,,,,,,,,
-78.8080753862458,42.9488642918582,0,0,52,209.710271342658,2020/10/22 15:12:16+00,,,,,,,,,,,,,,,,,,,,,
-78.8081131943917,42.9488619580153,0,0,53,209.919910287485,2020/10/22 15:12:18+00,,,,,,,,,,,,,,,,,,,,,
-78.8081569941497,42.9488739804264,0,0,54,210.085173102096,2020/10/22 15:12:20+00,,,,,,,,,,,,,,,,,,,,,
-78.8081986053314,42.9488682029082,0,0,55,210.403365217149,2020/10/22 15:12:22+00,,,,,,,,,,,,,,,,,,,,,
-78.8082350607299,42.9488669711237,0,0,56,210.648233818822,2020/10/22 15:12:24+00,,,,,,,,,,,,,,,,,,,,,
-78.8082724605558,42.9488653971441,0,0,57,210.10619839374,2020/10/22 15:12:26+00,,,,,,,,,,,,,,,,,,,,,
-78.8083117319738,42.9488618232144,0,0,58,209.435018423945,2020/10/22 15:12:28+00,,,,,,,,,,,,,,,,,,,,,
-78.8083484432626,42.9488573548806,0,0,59,210.416799520142,2020/10/22 15:12:30+00,,,,,,,,,,,,,,,,,,,,,
-78.8083806563859,42.9488516937948,0,0,60,210.046058039181,2020/10/22 15:12:32+00,,,,,,,,,,,,,,,,,,,,,
-78.8084207883832,42.9488529862923,0,0,61,209.78882186953,2020/10/22 15:12:34+00,,,,,,,,,,,,,,,,,,,,,
-78.8084533409661,42.9488611048693,0,0,62,209.587509446777,2020/10/22 15:12:36+00,,,,,,,,,,,,,,,,,,,,,
-78.8084844605335,42.9488620319657,0,0,63,209.811355536804,2020/10/22 15:12:38+00,,,,,,,,,,,,,,,,,,,,,
-78.8085178630213,42.9488549994965,0,0,64,209.753694023937,2020/10/22 15:12:40+00,,,,,,,,,,,,,,,,,,,,,
-78.8085565953013,42.9488509481321,0,0,65,209.740401519462,2020/10/22 15:12:42+00,,,,,,,,,,,,,,,,,,,,,
-78.8085884196671,42.9488523444478,0,0,66,210.3751645023,2020/10/22 15:12:44+00,,,,,,,,,,,,,,,,,,,,,
-78.8086259899921,42.9488506949448,0,0,67,210.398079759441,2020/10/22 15:12:46+00,,,,,,,,,,,,,,,,,,,,,
-78.8086605531202,42.9488569688238,0,0,68,210.106032690033,2020/10/22 15:12:48+00,,,,,,,,,,,,,,,,,,,,,
-78.8086951981318,42.948854283701,0,0,69,209.819928715937,2020/10/22 15:12:50+00,,,,,,,,,,,,,,,,,,,,,
-78.808733622217,42.9488497644597,0,0,70,209.585295701399,2020/10/22 15:12:52+00,,,,,,,,,,,,,,,,,,,,,
-78.8087739148234,42.948851867209,0,0,71,209.459565348923,2020/10/22 15:12:54+00,,,,,,,,,,,,,,,,,,,,,
-78.8088140697034,42.9488535072718,0,0,72,209.241153148934,2020/10/22 15:12:56+00,,,,,,,,,,,,,,,,,,,,,
-78.8088484303131,42.9488542637192,0,0,73,209.943997650407,2020/10/22 15:12:58+00,,,,,,,,,,,,,,,,,,,,,
-78.8088870683546,42.9488565680367,0,0,74,209.732998414896,2020/10/22 15:13:00+00,,,,,,,,,,,,,,,,,,,,,
-78.8089240229952,42.948859365562,0,0,75,209.755734547973,2020/10/22 15:13:02+00,,,,,,,,,,,,,,,,,,,,,
-78.8089596120821,42.9488732687417,0,0,76,210.304449819028,2020/10/22 15:13:04+00,,,,,,,,,,,,,,,,,,,,,
-78.8089802057478,42.948891591292,0,0,77,210.598621198907,2020/10/22 15:13:06+00,,,,,,,,,,,,,,,,,,,,,
-78.8089930889381,42.9489222983028,0,0,78,210.452366510406,2020/10/22 15:13:08+00,,,,,,,,,,,,,,,,,,,,,
-78.8089866932444,42.9489540297815,0,0,79,209.781027474441,2020/10/22 15:13:10+00,,,,,,,,,,,,,,,,,,,,,
-78.8089784623749,42.9489714879257,0,0,80,210.020419116132,2020/10/22 15:13:11+00,,,,,,,,,,,,,,,,,,,,,
-78.8089657813575,42.9489885979258,0,0,81,211.388157639652,2020/10/22 15:13:13+00,,,,,,,,,,,,,,,,,,,,,
-78.8089576829949,42.9490138711102,0,0,82,210.097672386095,2020/10/22 15:13:15+00,,,,,,,,,,,,,,,,,,,,,
-78.80898477634,42.9490260411537,0,0,83,210.613017278723,2020/10/22 15:13:19+00,,,,,,,,,,,,,,,,,,,,,
-78.8089983899549,42.9490459503494,0,0,84,210.636615354568,2020/10/22 15:13:21+00,,,,,,,,,,,,,,,,,,,,,
-78.8089659481464,42.9490295579602,0,0,85,210.1223467011,2020/10/22 15:13:23+00,,,,,,,,,,,,,,,,,,,,,
-78.8089318495567,42.9490269391447,0,0,86,209.346617308445,2020/10/22 15:13:26+00,,,,,,,,,,,,,,,,,,,,,
-78.8089254693733,42.9490061309169,0,0,87,209.584498605691,2020/10/22 15:13:28+00,,,,,,,,,,,,,,,,,,,,,
-78.8089172712643,42.948989023217,0,0,88,209.650420454331,2020/10/22 15:13:32+00,,,,,,,,,,,,,,,,,,,,,
-78.8089200961738,42.9489673993834,0,0,89,209.448296287097,2020/10/22 15:13:40+00,,,,,,,,,,,,,,,,,,,,,
-78.80893347619,42.9489476715209,0,0,90,209.297824944369,2020/10/22 15:13:43+00,,,,,,,,,,,,,,,,,,,,,
-78.808908256628,42.9489522402623,0,0,91,209.270984127186,2020/10/22 15:13:46+00,,,,,,,,,,,,,,,,,,,,,
-78.8088787182701,42.948964012188,0,0,92,209.371096613817,2020/10/22 15:13:50+00,,,,,,,,,,,,,,,,,,,,,
-78.8088660153604,42.9489461365987,0,0,93,209.239795418456,2020/10/22 15:13:56+00,,,,,,,,,,,,,,,,,,,,,
-78.808871952149,42.948928324334,0,0,94,209.707054437138,2020/10/22 15:14:01+00,,,,,,,,,,,,,,,,,,,,,
-78.8088938260064,42.9489109170939,0,0,95,210.0430013109,2020/10/22 15:14:12+00,,,,,,,,,,,,,,,,,,,,,
-78.8088697897225,42.9489025537331,0,0,96,208.057121520862,2020/10/22 15:14:17+00,,,,,,,,,,,,,,,,,,,,,
-78.8088582442163,42.9489187616329,0,0,97,207.643665232696,2020/10/22 15:14:28+00,,,,,,,,,,,,,,,,,,,,,
-78.808898620171,42.9489182548587,0,0,98,209.260542410426,2020/10/22 15:14:51+00,,,,,,,,,,,,,,,,,,,,,
-78.8088723002444,42.9489100964646,0,0,99,209.204209275544,2020/10/22 15:14:55+00,,,,,,,,,,,,,,,,,,,,,
-78.8088472652645,42.9489160255,0,0,100,208.856999555603,2020/10/22 15:14:57+00,,,,,,,,,,,,,,,,,,,,,
-78.8088484338802,42.9489456027734,0,0,101,209.893921874464,2020/10/22 15:15:04+00,,,,,,,,,,,,,,,,,,,,,
-78.8088597031571,42.9489623109262,0,0,102,208.717564004473,2020/10/22 15:15:06+00,,,,,,,,,,,,,,,,,,,,,
-78.8089061183497,42.9489745617746,0,0,103,209.446432085708,2020/10/22 15:15:08+00,,,,,,,,,,,,,,,,,,,,,
-78.8089320551418,42.9489800386526,0,0,104,208.972891350277,2020/10/22 15:15:09+00,,,,,,,,,,,,,,,,,,,,,
-78.8089521783307,42.9489917515008,0,0,105,208.784965666011,2020/10/22 15:15:11+00,,,,,,,,,,,,,,,,,,,,,
-78.8089693864776,42.9490081113275,0,0,106,208.907271640375,2020/10/22 15:15:13+00,,,,,,,,,,,,,,,,,,,,,
-78.8089987625948,42.9490125713999,0,0,107,209.059888741001,2020/10/22 15:15:15+00,,,,,,,,,,,,,,,,,,,,,
-78.8090287925673,42.9490106403484,0,0,108,208.455057607964,2020/10/22 15:15:17+00,,,,,,,,,,,,,,,,,,,,,
-78.8090556965668,42.9490107253443,0,0,109,208.999170456082,2020/10/22 15:15:18+00,,,,,,,,,,,,,,,,,,,,,
-78.8090980828183,42.9490121123926,0,0,110,209.317931057885,2020/10/22 15:15:20+00,,,,,,,,,,,,,,,,,,,,,
-78.8091421664102,42.9490120250504,0,0,111,209.836195075884,2020/10/22 15:15:22+00,,,,,,,,,,,,,,,,,,,,,
-78.8091854438879,42.9490029530323,0,0,112,209.904273901135,2020/10/22 15:15:24+00,,,,,,,,,,,,,,,,,,,,,
-78.8092270493784,42.948997927339,0,0,113,209.622260757722,2020/10/22 15:15:26+00,,,,,,,,,,,,,,,,,,,,,
-78.8092780814497,42.9489995613504,0,0,114,208.902774846181,2020/10/22 15:15:28+00,,,,,,,,,,,,,,,,,,,,,
-78.8093214672031,42.9489918723056,0,0,115,209.041146254167,2020/10/22 15:15:30+00,,,,,,,,,,,,,,,,,,,,,
-78.8093651070291,42.9489938757358,0,0,116,209.244458854198,2020/10/22 15:15:32+00,,,,,,,,,,,,,,,,,,,,,
-78.809404272556,42.9489944134433,0,0,117,208.720014552586,2020/10/22 15:15:34+00,,,,,,,,,,,,,,,,,,,,,
-78.8094470107521,42.948991514893,0,0,118,209.82940451894,2020/10/22 15:15:36+00,,,,,,,,,,,,,,,,,,,,,
-78.8094721124701,42.948989372713,0,0,119,210.147726139054,2020/10/22 15:15:37+00,,,,,,,,,,,,,,,,,,,,,
-78.8095184551532,42.9489950123707,0,0,120,209.418137862347,2020/10/22 15:15:39+00,,,,,,,,,,,,,,,,,,,,,
-78.809560360677,42.9489894281842,0,0,121,208.892663143575,2020/10/22 15:15:41+00,,,,,,,,,,,,,,,,,,,,,
-78.8095844851242,42.9489852891936,0,0,122,208.577629461884,2020/10/22 15:15:42+00,,,,,,,,,,,,,,,,,,,,,
-78.8096284619452,42.9489828901373,0,0,123,209.145108403638,2020/10/22 15:15:44+00,,,,,,,,,,,,,,,,,,,,,
-78.8096721508212,42.9489862560991,0,0,124,209.689366512932,2020/10/22 15:15:46+00,,,,,,,,,,,,,,,,,,,,,
-78.8096916078533,42.9489707121914,0,0,125,210.010346488096,2020/10/22 15:15:47+00,,,,,,,,,,,,,,,,,,,,,
-78.8097307672957,42.9489618421873,0,0,126,209.798461108468,2020/10/22 15:15:49+00,,,,,,,,,,,,,,,,,,,,,
-78.8097696160493,42.9489654837332,0,0,127,209.918115453795,2020/10/22 15:15:51+00,,,,,,,,,,,,,,,,,,,,,
-78.8098061877081,42.9489588586115,0,0,128,209.468037307262,2020/10/22 15:15:53+00,,,,,,,,,,,,,,,,,,,,,
-78.8098388077891,42.9489425959078,0,0,129,209.248981256969,2020/10/22 15:15:55+00,,,,,,,,,,,,,,,,,,,,,
-78.8098636008533,42.9489275679077,0,0,130,209.390083496459,2020/10/22 15:15:57+00,,,,,,,,,,,,,,,,,,,,,
-78.8098972885509,42.9489121687856,0,0,131,209.838992700912,2020/10/22 15:15:59+00,,,,,,,,,,,,,,,,,,,,,
-78.8098765369435,42.9489378632405,0,0,132,210.013980165124,2020/10/22 15:16:04+00,,,,,,,,,,,,,,,,,,,,,
-78.8098566044987,42.948948691939,0,0,133,208.973919457756,2020/10/22 15:16:09+00,,,,,,,,,,,,,,,,,,,,,
-78.8098625341928,42.94896708398,0,0,134,209.381855513901,2020/10/22 15:16:13+00,,,,,,,,,,,,,,,,,,,,,
-78.809864246275,42.9489857588967,0,0,135,208.965080182068,2020/10/22 15:16:14+00,,,,,,,,,,,,,,,,,,,,,
-78.8098360662915,42.9489765205649,0,0,136,208.750650926493,2020/10/22 15:16:18+00,,,,,,,,,,,,,,,,,,,,,
-78.8098286452822,42.9489946483036,0,0,137,208.969381023198,2020/10/22 15:16:26+00,,,,,,,,,,,,,,,,,,,,,
-78.8098369231287,42.9490140963222,0,0,138,209.140392267145,2020/10/22 15:16:30+00,,,,,,,,,,,,,,,,,,,,,
-78.8098111138456,42.9490076813436,0,0,139,208.735871642828,2020/10/22 15:16:33+00,,,,,,,,,,,,,,,,,,,,,
-78.8098406163014,42.9490014228965,0,0,140,209.344282072969,2020/10/22 15:16:36+00,,,,,,,,,,,,,,,,,,,,,
-78.8098152908088,42.9489941951374,0,0,141,208.281372951344,2020/10/22 15:16:41+00,,,,,,,,,,,,,,,,,,,,,
-78.8098436179181,42.948995511976,0,0,142,208.615347778425,2020/10/22 15:16:55+00,,,,,,,,,,,,,,,,,,,,,
-78.8098645019981,42.949008494111,0,0,143,209.28429598175,2020/10/22 15:16:57+00,,,,,,,,,,,,,,,,,,,,,
-78.8098965577015,42.9490112665296,0,0,144,209.076681563631,2020/10/22 15:16:59+00,,,,,,,,,,,,,,,,,,,,,
-78.8099368064025,42.9490128965119,0,0,145,208.403542947955,2020/10/22 15:17:02+00,,,,,,,,,,,,,,,,,,,,,
-78.80996881337,42.9490132799459,0,0,146,208.377972996794,2020/10/22 15:17:04+00,,,,,,,,,,,,,,,,,,,,,
-78.8100139478015,42.9490133882952,0,0,147,208.758484628983,2020/10/22 15:17:06+00,,,,,,,,,,,,,,,,,,,,,
-78.8100600397731,42.9490102763689,0,0,148,208.835129198618,2020/10/22 15:17:08+00,,,,,,,,,,,,,,,,,,,,,
-78.8101029701238,42.9490107397417,0,0,149,209.578909620643,2020/10/22 15:17:10+00,,,,,,,,,,,,,,,,,,,,,
-78.8101477853653,42.9490084687708,0,0,150,208.873700967059,2020/10/22 15:17:12+00,,,,,,,,,,,,,,,,,,,,,
-78.8101932098713,42.9490050273163,0,0,151,208.339584969915,2020/10/22 15:17:14+00,,,,,,,,,,,,,,,,,,,,,
-78.8102363522744,42.9490079345663,0,0,152,207.575191924348,2020/10/22 15:17:16+00,,,,,,,,,,,,,,,,,,,,,
-78.8102830447727,42.9490009153334,0,0,153,208.878360623494,2020/10/22 15:17:18+00,,,,,,,,,,,,,,,,,,,,,
-78.8103266761885,42.9489959837571,0,0,154,209.048347383738,2020/10/22 15:17:20+00,,,,,,,,,,,,,,,,,,,,,
-78.8103748768093,42.9489934191578,0,0,155,209.237839143723,2020/10/22 15:17:22+00,,,,,,,,,,,,,,,,,,,,,
-78.8104179213938,42.9489954157418,0,0,156,208.279431107454,2020/10/22 15:17:24+00,,,,,,,,,,,,,,,,,,,,,
-78.810450903164,42.9489818793851,0,0,157,208.301876360551,2020/10/22 15:17:26+00,,,,,,,,,,,,,,,,,,,,,
-78.8104926235783,42.9489814134518,0,0,158,208.827597506344,2020/10/22 15:17:28+00,,,,,,,,,,,,,,,,,,,,,
-78.8105379161833,42.9489846057762,0,0,159,208.666801146232,2020/10/22 15:17:30+00,,,,,,,,,,,,,,,,,,,,,
-78.8105814927715,42.9489874722072,0,0,160,207.690667722374,2020/10/22 15:17:32+00,,,,,,,,,,,,,,,,,,,,,
-78.8106236106377,42.9489929193803,0,0,161,208.47553080041,2020/10/22 15:17:34+00,,,,,,,,,,,,,,,,,,,,,
-78.8106633088546,42.9489911147316,0,0,162,209.048404432833,2020/10/22 15:17:36+00,,,,,,,,,,,,,,,,,,,,,
-78.8107002820417,42.9489873283147,0,0,163,208.890349555761,2020/10/22 15:17:38+00,,,,,,,,,,,,,,,,,,,,,
-78.8107354741892,42.9489991991934,0,0,164,208.85397134535,2020/10/22 15:17:40+00,,,,,,,,,,,,,,,,,,,,,
-78.8107715748863,42.9490033733065,0,0,165,208.43299674429,2020/10/22 15:17:42+00,,,,,,,,,,,,,,,,,,,,,
-78.8108077534739,42.9490050589814,0,0,166,207.988689461723,2020/10/22 15:17:44+00,,,,,,,,,,,,,,,,,,,,,
-78.8108481148139,42.9490050971125,0,0,167,208.349431447685,2020/10/22 15:17:46+00,,,,,,,,,,,,,,,,,,,,,
-78.8108910630343,42.9489950102796,0,0,168,208.478400946595,2020/10/22 15:17:48+00,,,,,,,,,,,,,,,,,,,,,
-78.810932505469,42.9489875185279,0,0,169,208.993251369335,2020/10/22 15:17:50+00,,,,,,,,,,,,,,,,,,,,,
-78.8109650538414,42.9489791647514,0,0,170,208.352491598576,2020/10/22 15:17:52+00,,,,,,,,,,,,,,,,,,,,,
-78.8109363291701,42.9489737034653,0,0,171,208.665931501426,2020/10/22 15:17:55+00,,,,,,,,,,,,,,,,,,,,,
-78.8109124421556,42.9489604277565,0,0,172,208.53038702067,2020/10/22 15:17:57+00,,,,,,,,,,,,,,,,,,,,,
-78.8109150172426,42.948942183006,0,0,173,208.522967613302,2020/10/22 15:18:01+00,,,,,,,,,,,,,,,,,,,,,
-78.8109398187059,42.9489173386196,0,0,174,208.139543165453,2020/10/22 15:18:03+00,,,,,,,,,,,,,,,,,,,,,
-78.8109737180276,42.9488979639569,0,0,175,207.703227297403,2020/10/22 15:18:05+00,,,,,,,,,,,,,,,,,,,,,
-78.8110049261646,42.9488855457259,0,0,176,207.789425270632,2020/10/22 15:18:08+00,,,,,,,,,,,,,,,,,,,,,
-78.8110302605288,42.9488778519122,0,0,177,208.025541590527,2020/10/22 15:18:11+00,,,,,,,,,,,,,,,,,,,,,
-78.8110068688794,42.948889903892,0,0,178,208.232216808945,2020/10/22 15:18:14+00,,,,,,,,,,,,,,,,,,,,,
-78.8110170184999,42.9489154925461,0,0,179,208.049564330839,2020/10/22 15:18:24+00,,,,,,,,,,,,,,,,,,,,,
-78.8109823194865,42.9489097697405,0,0,180,208.689881272614,2020/10/22 15:18:29+00,,,,,,,,,,,,,,,,,,,,,
-78.8109906472847,42.9489282667368,0,0,181,207.454019677825,2020/10/22 15:18:41+00,,,,,,,,,,,,,,,,,,,,,
-78.8110130886431,42.9489174321919,0,0,182,207.628473956138,2020/10/22 15:18:50+00,,,,,,,,,,,,,,,,,,,,,
-78.8110304858664,42.9489037005635,0,0,183,208.596756611951,2020/10/22 15:18:57+00,,,,,,,,,,,,,,,,,,,,,
-78.8110012179543,42.9489074854399,0,0,184,209.005651540123,2020/10/22 15:19:03+00,,,,,,,,,,,,,,,,,,,,,
-78.8110350947884,42.948899394649,0,0,185,208.30002380535,2020/10/22 15:19:20+00,,,,,,,,,,,,,,,,,,,,,
-78.8110762076055,42.9488969105532,0,0,186,208.043936857022,2020/10/22 15:19:22+00,,,,,,,,,,,,,,,,,,,,,
-78.811118828458,42.9489041035406,0,0,187,207.850939093158,2020/10/22 15:19:24+00,,,,,,,,,,,,,,,,,,,,,
-78.8111451460462,42.9489038143393,0,0,188,208.000703930855,2020/10/22 15:19:25+00,,,,,,,,,,,,,,,,,,,,,
-78.8111880169881,42.9489022882093,0,0,189,208.250126298517,2020/10/22 15:19:27+00,,,,,,,,,,,,,,,,,,,,,
-78.811226216888,42.9489031531348,0,0,190,208.573131101206,2020/10/22 15:19:29+00,,,,,,,,,,,,,,,,,,,,,
-78.8112698086695,42.9488978075168,0,0,191,207.803088857792,2020/10/22 15:19:31+00,,,,,,,,,,,,,,,,,,,,,
-78.8113179321581,42.9488932372328,0,0,192,207.920189413242,2020/10/22 15:19:33+00,,,,,,,,,,,,,,,,,,,,,
-78.8113631828035,42.948891984018,0,0,193,207.51609942317,2020/10/22 15:19:35+00,,,,,,,,,,,,,,,,,,,,,
-78.8114060143803,42.9488907297506,0,0,194,207.716065032408,2020/10/22 15:19:37+00,,,,,,,,,,,,,,,,,,,,,
-78.8114441504524,42.9488962014098,0,0,195,207.75355784595,2020/10/22 15:19:39+00,,,,,,,,,,,,,,,,,,,,,
-78.8114869274127,42.9488959513719,0,0,196,208.120798097923,2020/10/22 15:19:41+00,,,,,,,,,,,,,,,,,,,,,
-78.8115260443042,42.9488994503636,0,0,197,208.932926219888,2020/10/22 15:19:43+00,,,,,,,,,,,,,,,,,,,,,
-78.8115697179547,42.9488912894553,0,0,198,207.81830065418,2020/10/22 15:19:45+00,,,,,,,,,,,,,,,,,,,,,
-78.8116133355294,42.9488885240175,0,0,199,208.451482858509,2020/10/22 15:19:47+00,,,,,,,,,,,,,,,,,,,,,
-78.8116558436033,42.9488902668642,0,0,200,208.586251488887,2020/10/22 15:19:49+00,,,,,,,,,,,,,,,,,,,,,
-78.8116847502285,42.9489085529743,0,0,201,208.619441454299,2020/10/22 15:19:51+00,,,,,,,,,,,,,,,,,,,,,
-78.8116998671776,42.9489382452748,0,0,202,209.156762663275,2020/10/22 15:19:53+00,,,,,,,,,,,,,,,,,,,,,
-78.8116931201407,42.9489575950173,0,0,203,209.311623609625,2020/10/22 15:19:54+00,,,,,,,,,,,,,,,,,,,,,
-78.8116837426784,42.9489889258374,0,0,204,209.64421855472,2020/10/22 15:19:56+00,,,,,,,,,,,,,,,,,,,,,
-78.8116909014787,42.9490120970078,0,0,205,210.335643635131,2020/10/22 15:19:59+00,,,,,,,,,,,,,,,,,,,,,
-78.8117209200597,42.949025248383,0,0,206,208.722391540185,2020/10/22 15:20:01+00,,,,,,,,,,,,,,,,,,,,,
-78.8117550595875,42.9490324971716,0,0,207,208.55765486788,2020/10/22 15:20:04+00,,,,,,,,,,,,,,,,,,,,,
-78.8117864384812,42.94904752822,0,0,208,208.794107911177,2020/10/22 15:20:07+00,,,,,,,,,,,,,,,,,,,,,
-78.8118104296847,42.9490636841998,0,0,209,209.038889511488,2020/10/22 15:20:09+00,,,,,,,,,,,,,,,,,,,,,
-78.8118514508806,42.9490644639586,0,0,210,208.889212289825,2020/10/22 15:20:11+00,,,,,,,,,,,,,,,,,,,,,
-78.8118953554601,42.9490569499695,0,0,211,208.758537681773,2020/10/22 15:20:13+00,,,,,,,,,,,,,,,,,,,,,
-78.8119350127059,42.9490615519013,0,0,212,208.515419527888,2020/10/22 15:20:15+00,,,,,,,,,,,,,,,,,,,,,
-78.8119720378645,42.9490549111146,0,0,213,208.396371067502,2020/10/22 15:20:17+00,,,,,,,,,,,,,,,,,,,,,
-78.8120050321725,42.9490491772896,0,0,214,208.29063304048,2020/10/22 15:20:19+00,,,,,,,,,,,,,,,,,,,,,
-78.8120407444529,42.9490491326176,0,0,215,208.437213963829,2020/10/22 15:20:21+00,,,,,,,,,,,,,,,,,,,,,
-78.8120762012408,42.9490525787105,0,0,216,208.691789210774,2020/10/22 15:20:23+00,,,,,,,,,,,,,,,,,,,,,
-78.8121181085589,42.9490554789647,0,0,217,208.334513789974,2020/10/22 15:20:25+00,,,,,,,,,,,,,,,,,,,,,
-78.8121554940277,42.9490609290888,0,0,218,208.217699681409,2020/10/22 15:20:27+00,,,,,,,,,,,,,,,,,,,,,
-78.8121955064092,42.9490557057399,0,0,219,208.535934016109,2020/10/22 15:20:29+00,,,,,,,,,,,,,,,,,,,,,
-78.812240902889,42.9490509667622,0,0,220,208.487174118869,2020/10/22 15:20:31+00,,,,,,,,,,,,,,,,,,,,,
-78.8122731565142,42.9490592634398,0,0,221,208.333720987663,2020/10/22 15:20:33+00,,,,,,,,,,,,,,,,,,,,,
-78.812313428038,42.9490579175445,0,0,222,208.414169150405,2020/10/22 15:20:35+00,,,,,,,,,,,,,,,,,,,,,
-78.8123551813913,42.9490559041694,0,0,223,208.411331677809,2020/10/22 15:20:37+00,,,,,,,,,,,,,,,,,,,,,
-78.8123859802142,42.9490355077381,0,0,224,209.093164483085,2020/10/22 15:20:39+00,,,,,,,,,,,,,,,,,,,,,
-78.8124150876853,42.9490262904058,0,0,225,209.63050204888,2020/10/22 15:20:41+00,,,,,,,,,,,,,,,,,,,,,
-78.8124240656317,42.9490024660737,0,0,226,209.560815755278,2020/10/22 15:20:43+00,,,,,,,,,,,,,,,,,,,,,
-78.8123759343464,42.9490130108856,0,0,227,210.72946143616,2020/10/22 15:20:45+00,,,,,,,,,,,,,,,,,,,,,
-78.8123297687301,42.9490228475172,0,0,228,208.998555186205,2020/10/22 15:20:47+00,,,,,,,,,,,,,,,,,,,,,
-78.8123550735089,42.9490293507868,0,0,229,208.626048896462,2020/10/22 15:20:53+00,,,,,,,,,,,,,,,,,,,,,
-78.8123218435144,42.9490134152918,0,0,230,208.457463512197,2020/10/22 15:20:57+00,,,,,,,,,,,,,,,,,,,,,
-78.8123136586556,42.9489943250753,0,0,231,208.176954154857,2020/10/22 15:20:59+00,,,,,,,,,,,,,,,,,,,,,
-78.8122778304071,42.9489814953589,0,0,232,207.483263015747,2020/10/22 15:21:01+00,,,,,,,,,,,,,,,,,,,,,
-78.8122769702216,42.9490048722671,0,0,233,205.773705517873,2020/10/22 15:21:03+00,,,,,,,,,,,,,,,,,,,,,
-78.8123072800037,42.9490196619634,0,0,234,207.094182676636,2020/10/22 15:21:05+00,,,,,,,,,,,,,,,,,,,,,
-78.8123317274951,42.9490221026627,0,0,235,207.557242960669,2020/10/22 15:21:07+00,,,,,,,,,,,,,,,,,,,,,
-78.8123094950371,42.9490104007843,0,0,236,207.463984208182,2020/10/22 15:21:09+00,,,,,,,,,,,,,,,,,,,,,
-78.8123295057898,42.9490259772349,0,0,237,207.966236766428,2020/10/22 15:21:27+00,,,,,,,,,,,,,,,,,,,,,
-78.8123207230313,42.9490060948966,0,0,238,208.092024504207,2020/10/22 15:21:29+00,,,,,,,,,,,,,,,,,,,,,
-78.8123440606429,42.9490190604544,0,0,239,208.081106415018,2020/10/22 15:21:32+00,,,,,,,,,,,,,,,,,,,,,
-78.8123689019404,42.9490169308014,0,0,240,208.115882992744,2020/10/22 15:21:33+00,,,,,,,,,,,,,,,,,,,,,
-78.812415764424,42.9490200751083,0,0,241,208.16525649,2020/10/22 15:21:35+00,,,,,,,,,,,,,,,,,,,,,
-78.8124587063752,42.9490257131676,0,0,242,208.39837380033,2020/10/22 15:21:37+00,,,,,,,,,,,,,,,,,,,,,
-78.812500266854,42.9490352599584,0,0,243,208.445490914397,2020/10/22 15:21:39+00,,,,,,,,,,,,,,,,,,,,,
-78.8125425974479,42.9490360880717,0,0,244,208.606198603287,2020/10/22 15:21:41+00,,,,,,,,,,,,,,,,,,,,,
-78.8125816616111,42.9490358399584,0,0,245,209.206476817839,2020/10/22 15:21:43+00,,,,,,,,,,,,,,,,,,,,,
-78.8126115158704,42.9490346448889,0,0,246,208.793746961281,2020/10/22 15:21:45+00,,,,,,,,,,,,,,,,,,,,,
-78.8126394637605,42.949031952529,0,0,247,208.53973033186,2020/10/22 15:21:47+00,,,,,,,,,,,,,,,,,,,,,
-78.812678665648,42.9490338580614,0,0,248,208.458107732236,2020/10/22 15:21:49+00,,,,,,,,,,,,,,,,,,,,,
-78.8127075805235,42.9490325080517,0,0,249,208.047687151469,2020/10/22 15:21:51+00,,,,,,,,,,,,,,,,,,,,,
-78.8127404523399,42.9490368437922,0,0,250,206.98000919167,2020/10/22 15:21:53+00,,,,,,,,,,,,,,,,,,,,,
-78.8127820975911,42.9490440800789,0,0,251,206.597112105228,2020/10/22 15:21:55+00,,,,,,,,,,,,,,,,,,,,,
-78.8128203608504,42.9490447578071,0,0,252,207.904615741223,2020/10/22 15:21:57+00,,,,,,,,,,,,,,,,,,,,,
-78.812861428781,42.9490429748789,0,0,253,208.667857797816,2020/10/22 15:21:59+00,,,,,,,,,,,,,,,,,,,,,
-78.8129005776381,42.949035774911,0,0,254,207.770760450512,2020/10/22 15:22:01+00,,,,,,,,,,,,,,,,,,,,,
-78.8129317110183,42.9490292689378,0,0,255,207.710483982228,2020/10/22 15:22:03+00,,,,,,,,,,,,,,,,,,,,,
-78.8129601027613,42.9490147563367,0,0,256,207.499828333035,2020/10/22 15:22:05+00,,,,,,,,,,,,,,,,,,,,,
-78.8129941283593,42.9490115885965,0,0,257,207.570336950943,2020/10/22 15:22:07+00,,,,,,,,,,,,,,,,,,,,,
-78.8130286570912,42.9490109972247,0,0,258,207.893146784976,2020/10/22 15:22:09+00,,,,,,,,,,,,,,,,,,,,,
-78.8130585447609,42.9490123056883,0,0,259,208.003288591281,2020/10/22 15:22:11+00,,,,,,,,,,,,,,,,,,,,,
-78.8130843075177,42.9490028349332,0,0,260,208.478942842223,2020/10/22 15:22:13+00,,,,,,,,,,,,,,,,,,,,,
-78.8131310438212,42.9489818288187,0,0,261,208.01150912419,2020/10/22 15:22:15+00,,,,,,,,,,,,,,,,,,,,,
-78.8131309971695,42.9489477623481,0,0,262,208.052934302017,2020/10/22 15:22:17+00,,,,,,,,,,,,,,,,,,,,,
-78.8131632545401,42.9489313544093,0,0,263,208.760042116977,2020/10/22 15:22:19+00,,,,,,,,,,,,,,,,,,,,,
-78.8131801240947,42.9489182435911,0,0,264,209.228916880675,2020/10/22 15:22:20+00,,,,,,,,,,,,,,,,,,,,,
-78.8132094280001,42.9489037379488,0,0,265,208.357272841036,2020/10/22 15:22:22+00,,,,,,,,,,,,,,,,,,,,,
-78.8132452807097,42.9489016598221,0,0,266,207.677936794236,2020/10/22 15:22:24+00,,,,,,,,,,,,,,,,,,,,,
-78.8132869166998,42.948897727404,0,0,267,207.609321164899,2020/10/22 15:22:26+00,,,,,,,,,,,,,,,,,,,,,
-78.8133219793408,42.9489002738943,0,0,268,207.846317815594,2020/10/22 15:22:28+00,,,,,,,,,,,,,,,,,,,,,
-78.8133477288798,42.9489027058887,0,0,269,208.063376988284,2020/10/22 15:22:30+00,,,,,,,,,,,,,,,,,,,,,
-78.8133771448547,42.9489048314663,0,0,270,207.885968536139,2020/10/22 15:22:32+00,,,,,,,,,,,,,,,,,,,,,
-78.8134033475531,42.948907103954,0,0,271,207.300452460535,2020/10/22 15:22:34+00,,,,,,,,,,,,,,,,,,,,,
-78.8134412704579,42.9489057683885,0,0,272,207.60237341933,2020/10/22 15:22:36+00,,,,,,,,,,,,,,,,,,,,,
-78.8134683643146,42.948915029984,0,0,273,207.559513782151,2020/10/22 15:22:38+00,,,,,,,,,,,,,,,,,,,,,
-78.8134978934198,42.948927827175,0,0,274,208.058541145176,2020/10/22 15:22:40+00,,,,,,,,,,,,,,,,,,,,,
-78.8135193071164,42.9489155453363,0,0,275,208.532903186046,2020/10/22 15:22:42+00,,,,,,,,,,,,,,,,,,,,,
-78.8135436269138,42.9489001642568,0,0,276,208.667206644081,2020/10/22 15:22:44+00,,,,,,,,,,,,,,,,,,,,,
-78.8135157920919,42.9489141927968,0,0,277,208.349562850781,2020/10/22 15:22:47+00,,,,,,,,,,,,,,,,,,,,,
-78.8134873286879,42.9489227961016,0,0,278,208.748843576759,2020/10/22 15:22:49+00,,,,,,,,,,,,,,,,,,,,,
-78.8135264858952,42.9489109592595,0,0,279,208.281966531649,2020/10/22 15:22:53+00,,,,,,,,,,,,,,,,,,,,,
-78.8135000582285,42.9489101865383,0,0,280,208.420551024377,2020/10/22 15:22:56+00,,,,,,,,,,,,,,,,,,,,,
-78.8134758988067,42.9489005600337,0,0,281,208.54074976407,2020/10/22 15:23:00+00,,,,,,,,,,,,,,,,,,,,,
-78.8134891581385,42.9489176098615,0,0,282,208.373227573931,2020/10/22 15:23:04+00,,,,,,,,,,,,,,,,,,,,,
-78.8135187756089,42.9489199630046,0,0,283,209.889427420683,2020/10/22 15:23:16+00,,,,,,,,,,,,,,,,,,,,,
-78.813539457433,42.9489038102182,0,0,284,208.787373191677,2020/10/22 15:23:34+00,,,,,,,,,,,,,,,,,,,,,
-78.8135755034512,42.9488991521759,0,0,285,208.388516466133,2020/10/22 15:23:36+00,,,,,,,,,,,,,,,,,,,,,
-78.813558696049,42.9489145806809,0,0,286,207.726827133447,2020/10/22 15:23:44+00,,,,,,,,,,,,,,,,,,,,,
-78.8135817792604,42.9489322968319,0,0,287,208.421556461602,2020/10/22 15:23:47+00,,,,,,,,,,,,,,,,,,,,,
-78.8135848307724,42.9489124466674,0,0,288,208.201380195096,2020/10/22 15:23:58+00,,,,,,,,,,,,,,,,,,,,,
-78.8135522421174,42.9489226136644,0,0,289,207.336755290627,2020/10/22 15:24:11+00,,,,,,,,,,,,,,,,,,,,,
-78.8135990355626,42.9489048981456,0,0,290,208.731103550643,2020/10/22 15:24:17+00,,,,,,,,,,,,,,,,,,,,,
-78.813649573779,42.9488919027625,0,0,291,208.33880945202,2020/10/22 15:24:19+00,,,,,,,,,,,,,,,,,,,,,
-78.8136812343063,42.9488972513284,0,0,292,207.504648609087,2020/10/22 15:24:21+00,,,,,,,,,,,,,,,,,,,,,
-78.8137158987108,42.9488927216608,0,0,293,207.157041063532,2020/10/22 15:24:23+00,,,,,,,,,,,,,,,,,,,,,
-78.8137556196373,42.9488974710199,0,0,294,207.515428858809,2020/10/22 15:24:25+00,,,,,,,,,,,,,,,,,,,,,
-78.8137925239995,42.9488946178648,0,0,295,207.115380254574,2020/10/22 15:24:27+00,,,,,,,,,,,,,,,,,,,,,
-78.8138343203438,42.9488882512442,0,0,296,206.84944596421,2020/10/22 15:24:29+00,,,,,,,,,,,,,,,,,,,,,
-78.8138644470201,42.9488995635052,0,0,297,207.408506038599,2020/10/22 15:24:32+00,,,,,,,,,,,,,,,,,,,,,
-78.8138870134488,42.9489091524235,0,0,298,207.749753579497,2020/10/22 15:24:35+00,,,,,,,,,,,,,,,,,,,,,
-78.8138593457853,42.9489153672784,0,0,299,209.100684223697,2020/10/22 15:24:37+00,,,,,,,,,,,,,,,,,,,,,
-78.8138345420758,42.9489104776548,0,0,300,208.669369837269,2020/10/22 15:24:39+00,,,,,,,,,,,,,,,,,,,,,
-78.8138691067852,42.9488991636618,0,0,301,208.218536055647,2020/10/22 15:24:50+00,,,,,,,,,,,,,,,,,,,,,
-78.8138440948628,42.9489086010279,0,0,302,208.523085177876,2020/10/22 15:24:58+00,,,,,,,,,,,,,,,,,,,,,
-78.8138731370673,42.9488997292845,0,0,303,209.586280159652,2020/10/22 15:25:09+00,,,,,,,,,,,,,,,,,,,,,
-78.8139153913406,42.9489011050056,0,0,304,209.358796327375,2020/10/22 15:25:11+00,,,,,,,,,,,,,,,,,,,,,
-78.8139424962425,42.9489010282858,0,0,305,208.561584866606,2020/10/22 15:25:13+00,,,,,,,,,,,,,,,,,,,,,
-78.8139809502607,42.9489003034428,0,0,306,208.171023512259,2020/10/22 15:25:16+00,,,,,,,,,,,,,,,,,,,,,
-78.8140116575117,42.9488975837328,0,0,307,206.767090630718,2020/10/22 15:25:18+00,,,,,,,,,,,,,,,,,,,,,
-78.814038496621,42.9489042456138,0,0,308,207.659228356555,2020/10/22 15:25:20+00,,,,,,,,,,,,,,,,,,,,,
-78.8140761921145,42.9489052238491,0,0,309,207.265498029999,2020/10/22 15:25:22+00,,,,,,,,,,,,,,,,,,,,,
-78.8141132876208,42.9489072194155,0,0,310,207.692641058937,2020/10/22 15:25:24+00,,,,,,,,,,,,,,,,,,,,,
-78.8141494879088,42.9489111856518,0,0,311,207.64139050059,2020/10/22 15:25:26+00,,,,,,,,,,,,,,,,,,,,,
-78.8141899914161,42.9489094582164,0,0,312,208.203913837671,2020/10/22 15:25:28+00,,,,,,,,,,,,,,,,,,,,,
-78.8142272698357,42.948908098283,0,0,313,208.011430888437,2020/10/22 15:25:30+00,,,,,,,,,,,,,,,,,,,,,
-78.8142728279627,42.9489033639739,0,0,314,207.903700317256,2020/10/22 15:25:32+00,,,,,,,,,,,,,,,,,,,,,
-78.814309712989,42.9489048178613,0,0,315,208.328510377556,2020/10/22 15:25:34+00,,,,,,,,,,,,,,,,,,,,,
-78.8143382059277,42.9489087326605,0,0,316,207.988359692506,2020/10/22 15:25:36+00,,,,,,,,,,,,,,,,,,,,,
-78.8143766824902,42.9489099906238,0,0,317,207.205851945095,2020/10/22 15:25:38+00,,,,,,,,,,,,,,,,,,,,,
-78.8144126059505,42.9489103347043,0,0,318,207.497733905911,2020/10/22 15:25:40+00,,,,,,,,,,,,,,,,,,,,,
-78.8144548316682,42.9489112150836,0,0,319,208.015997805633,2020/10/22 15:25:42+00,,,,,,,,,,,,,,,,,,,,,
-78.8144874786477,42.9489114576406,0,0,320,208.361585330218,2020/10/22 15:25:44+00,,,,,,,,,,,,,,,,,,,,,
-78.8145232306361,42.9489140094691,0,0,321,208.248856994323,2020/10/22 15:25:46+00,,,,,,,,,,,,,,,,,,,,,
-78.814562923375,42.9489151219951,0,0,322,207.975219707005,2020/10/22 15:25:48+00,,,,,,,,,,,,,,,,,,,,,
-78.8145998491999,42.9489142380455,0,0,323,208.086634927429,2020/10/22 15:25:50+00,,,,,,,,,,,,,,,,,,,,,
-78.8146373389341,42.948917422955,0,0,324,207.868737755343,2020/10/22 15:25:52+00,,,,,,,,,,,,,,,,,,,,,
-78.8146725877191,42.9489178686018,0,0,325,208.055831721984,2020/10/22 15:25:54+00,,,,,,,,,,,,,,,,,,,,,
-78.8147070117124,42.9489187236499,0,0,326,208.045398187824,2020/10/22 15:25:56+00,,,,,,,,,,,,,,,,,,,,,
-78.8147392253517,42.9489189929444,0,0,327,207.909919489175,2020/10/22 15:25:58+00,,,,,,,,,,,,,,,,,,,,,
-78.8147761172263,42.9489214179902,0,0,328,208.45874886401,2020/10/22 15:26:00+00,,,,,,,,,,,,,,,,,,,,,
-78.8148078778606,42.9489219487334,0,0,329,208.133127967827,2020/10/22 15:26:02+00,,,,,,,,,,,,,,,,,,,,,
-78.8148435150049,42.9489266002707,0,0,330,208.217508508824,2020/10/22 15:26:04+00,,,,,,,,,,,,,,,,,,,,,
-78.8148809084954,42.9489249913156,0,0,331,208.417819605209,2020/10/22 15:26:06+00,,,,,,,,,,,,,,,,,,,,,
-78.8149228928681,42.9489270672362,0,0,332,208.863675377332,2020/10/22 15:26:08+00,,,,,,,,,,,,,,,,,,,,,
-78.8149611780368,42.9489299301385,0,0,333,208.286382881925,2020/10/22 15:26:10+00,,,,,,,,,,,,,,,,,,,,,
-78.8149917790046,42.9489307717845,0,0,334,208.867278343998,2020/10/22 15:26:12+00,,,,,,,,,,,,,,,,,,,,,
-78.8150226489583,42.9489394133355,0,0,335,208.240621007048,2020/10/22 15:26:14+00,,,,,,,,,,,,,,,,,,,,,
-78.8150556915359,42.9489361283319,0,0,336,208.026236029342,2020/10/22 15:26:16+00,,,,,,,,,,,,,,,,,,,,,
-78.8150883987336,42.9489370227916,0,0,337,208.335012037307,2020/10/22 15:26:18+00,,,,,,,,,,,,,,,,,,,,,
-78.8151248014027,42.9489390811625,0,0,338,208.122944510542,2020/10/22 15:26:20+00,,,,,,,,,,,,,,,,,,,,,
-78.8151679928889,42.9489396178951,0,0,339,208.033389144577,2020/10/22 15:26:22+00,,,,,,,,,,,,,,,,,,,,,
-78.8152061372333,42.9489371526874,0,0,340,207.972439486533,2020/10/22 15:26:24+00,,,,,,,,,,,,,,,,,,,,,
-78.8152405332748,42.9489421322942,0,0,341,208.359963174909,2020/10/22 15:26:26+00,,,,,,,,,,,,,,,,,,,,,
-78.8152839563474,42.9489451988414,0,0,342,208.294831196778,2020/10/22 15:26:28+00,,,,,,,,,,,,,,,,,,,,,
-78.8153205666506,42.9489452693555,0,0,343,208.383959093131,2020/10/22 15:26:30+00,,,,,,,,,,,,,,,,,,,,,
-78.8153585308547,42.9489457412957,0,0,344,208.391832446679,2020/10/22 15:26:32+00,,,,,,,,,,,,,,,,,,,,,
-78.8153881337721,42.9489486223657,0,0,345,208.28572171554,2020/10/22 15:26:34+00,,,,,,,,,,,,,,,,,,,,,
-78.8154290633506,42.9489458001445,0,0,346,207.500829447992,2020/10/22 15:26:36+00,,,,,,,,,,,,,,,,,,,,,
-78.8154834875812,42.9489476339472,0,0,347,210.088509202003,2020/10/22 15:26:39+00,,,,,,,,,,,,,,,,,,,,,
-78.8155252426128,42.9489442365426,0,0,348,209.046008436941,2020/10/22 15:26:41+00,,,,,,,,,,,,,,,,,,,,,
-78.8155644528894,42.9489383114562,0,0,349,208.513572763652,2020/10/22 15:26:43+00,,,,,,,,,,,,,,,,,,,,,
-78.8155995952027,42.948943858922,0,0,350,208.421602018178,2020/10/22 15:26:45+00,,,,,,,,,,,,,,,,,,,,,
-78.8156339187269,42.9489519691809,0,0,351,208.421222433448,2020/10/22 15:26:47+00,,,,,,,,,,,,,,,,,,,,,
-78.8156789058169,42.9489553337541,0,0,352,208.013490762562,2020/10/22 15:26:49+00,,,,,,,,,,,,,,,,,,,,,
-78.8157163192497,42.9489574854705,0,0,353,208.279795346782,2020/10/22 15:26:51+00,,,,,,,,,,,,,,,,,,,,,
-78.815756490624,42.9489562518005,0,0,354,208.015597787686,2020/10/22 15:26:53+00,,,,,,,,,,,,,,,,,,,,,
-78.8157970184058,42.9489536629425,0,0,355,208.161377925426,2020/10/22 15:26:55+00,,,,,,,,,,,,,,,,,,,,,
-78.8158381844585,42.9489509983597,0,0,356,207.356227627955,2020/10/22 15:26:57+00,,,,,,,,,,,,,,,,,,,,,
-78.8158622246892,42.948954515253,0,0,357,208.268329665065,2020/10/22 15:26:58+00,,,,,,,,,,,,,,,,,,,,,
-78.8159022396234,42.9489591135992,0,0,358,208.453140054829,2020/10/22 15:27:00+00,,,,,,,,,,,,,,,,,,,,,
-78.8159451238752,42.9489558636196,0,0,359,208.06421000883,2020/10/22 15:27:02+00,,,,,,,,,,,,,,,,,,,,,
-78.8159883588298,42.9489550172416,0,0,360,207.502319291234,2020/10/22 15:27:04+00,,,,,,,,,,,,,,,,,,,,,
-78.8160333304932,42.9489556555182,0,0,361,207.632227940485,2020/10/22 15:27:06+00,,,,,,,,,,,,,,,,,,,,,
-78.8160781810039,42.9489558633614,0,0,362,207.89860162884,2020/10/22 15:27:08+00,,,,,,,,,,,,,,,,,,,,,
-78.8161220187749,42.9489513501369,0,0,363,207.53311918024,2020/10/22 15:27:10+00,,,,,,,,,,,,,,,,,,,,,
-78.8161662063577,42.9489543259369,0,0,364,207.52099584043,2020/10/22 15:27:12+00,,,,,,,,,,,,,,,,,,,,,
-78.8162074312634,42.9489563181617,0,0,365,209.313943988644,2020/10/22 15:27:14+00,,,,,,,,,,,,,,,,,,,,,
-78.8162491771034,42.9489580353779,0,0,366,209.292277986184,2020/10/22 15:27:16+00,,,,,,,,,,,,,,,,,,,,,
-78.8162890398557,42.9489572105897,0,0,367,208.378860707395,2020/10/22 15:27:18+00,,,,,,,,,,,,,,,,,,,,,
-78.8163269444074,42.9489654579222,0,0,368,207.825458798558,2020/10/22 15:27:20+00,,,,,,,,,,,,,,,,,,,,,
-78.8163583470151,42.9489674309125,0,0,369,207.490872482769,2020/10/22 15:27:22+00,,,,,,,,,,,,,,,,,,,,,
-78.8163999762699,42.9489713721319,0,0,370,208.19013699051,2020/10/22 15:27:24+00,,,,,,,,,,,,,,,,,,,,,
-78.8164246207591,42.9489745349767,0,0,371,207.956681248732,2020/10/22 15:27:26+00,,,,,,,,,,,,,,,,,,,,,
-78.8164688773255,42.9489707827388,0,0,372,207.859172489494,2020/10/22 15:27:28+00,,,,,,,,,,,,,,,,,,,,,
-78.8165137203083,42.9489744423281,0,0,373,207.738365862519,2020/10/22 15:27:30+00,,,,,,,,,,,,,,,,,,,,,
-78.8165600630134,42.9489746872459,0,0,374,207.265272195451,2020/10/22 15:27:32+00,,,,,,,,,,,,,,,,,,,,,
-78.8166044770521,42.9489792810238,0,0,375,207.278077827767,2020/10/22 15:27:34+00,,,,,,,,,,,,,,,,,,,,,
-78.8166506290338,42.9489753924768,0,0,376,207.469944840297,2020/10/22 15:27:36+00,,,,,,,,,,,,,,,,,,,,,
-78.8166925648593,42.9489745676035,0,0,377,206.344681804068,2020/10/22 15:27:38+00,,,,,,,,,,,,,,,,,,,,,
-78.8167178337925,42.9489774673022,0,0,378,207.415719619021,2020/10/22 15:27:39+00,,,,,,,,,,,,,,,,,,,,,
-78.8167615824589,42.9489857899829,0,0,379,207.769489954226,2020/10/22 15:27:41+00,,,,,,,,,,,,,,,,,,,,,
-78.8168059037607,42.948991835797,0,0,380,207.260114712641,2020/10/22 15:27:43+00,,,,,,,,,,,,,,,,,,,,,
-78.8168310204382,42.9489884557811,0,0,381,207.29920759052,2020/10/22 15:27:44+00,,,,,,,,,,,,,,,,,,,,,
-78.816874200818,42.9489926790805,0,0,382,206.895966227166,2020/10/22 15:27:46+00,,,,,,,,,,,,,,,,,,,,,
-78.816919571754,42.9489963566381,0,0,383,207.870958423242,2020/10/22 15:27:48+00,,,,,,,,,,,,,,,,,,,,,
-78.8169633769179,42.9489940195243,0,0,384,208.391664949246,2020/10/22 15:27:50+00,,,,,,,,,,,,,,,,,,,,,
-78.8169996385476,42.9489902054101,0,0,385,208.852639133111,2020/10/22 15:27:52+00,,,,,,,,,,,,,,,,,,,,,
-78.817031412082,42.9489789797387,0,0,386,209.61544776801,2020/10/22 15:27:54+00,,,,,,,,,,,,,,,,,,,,,
-78.8170692426443,42.9489777265325,0,0,387,208.268015305512,2020/10/22 15:27:56+00,,,,,,,,,,,,,,,,,,,,,
-78.8170980467188,42.9489711507011,0,0,388,210.077304948121,2020/10/22 15:27:58+00,,,,,,,,,,,,,,,,,,,,,
-78.8171214791441,42.9489455572887,0,0,389,209.177247915417,2020/10/22 15:28:00+00,,,,,,,,,,,,,,,,,,,,,
